Print:X0


1,1,0,1,1,0,1,1,0,1,0,0,1,0,0,1,1,0,1,1,1,0,0,1,0,1,0,0,1,0,1,0,0,1,0,1,0,0,0,0,0,0,1,1,0,0,0,0,0,1,0,1,0,0,1,1,0,0,1,0,0,1,0,1,

0,0,0,1,1,1,1,0,0,0,1,0,0,0,0,1,1,1,1,1,1,0,0,1,1,0,0,1,1,0,1,0,1,0,0,1,0,1,1,0,1,0,1,1,1,1,1,0,1,0,0,0,0,0,0,1,1,0,1,0,0,1,0,0,

0,1,1,1,0,0,0,1,1,0,1,1,1,0,0,1,1,0,1,1,1,0,0,1,0,1,1,0,1,1,0,0,0,1,0,1,0,1,0,1,0,1,1,1,0,1,0,1,0,1,0,1,0,1,1,0,1,0,1,0,1,0,0,1,

1,0,0,0,1,0,0,0,1,1,1,0,0,1,1,1,0,0,0,1,1,0,1,0,0,0,0,0,1,0,1,0,1,0,1,1,0,1,0,1,1,1,1,0,0,0,1,0,1,0,0,1,1,1,0,0,0,1,1,1,0,0,0,1,

1,1,1,0,0,1,0,1,0,0,0,0,1,0,1,0,0,0,0,1,1,1,1,0,1,0,0,1,1,0,0,0,0,0,0,0,0,1,1,0,0,0,1,0,1,0,1,0,0,0,1,1,0,1,0,0,1,1,0,1,0,0,0,1
Print: hex_X1

db49b94a50305325
1e21f99a96be81a4
71b9b96c557556a9
88e71a0ab5e29c71
e50a1e98062a34d1

Print:,X1
1,1,0,1,1,0,1,1,0,1,0,0,1,0,0,1,1,0,1,1,1,0,0,1,0,1,0,0,1,0,1,0,0,1,0,1,0,0,0,0,0,0,1,1,0,0,0,0,0,1,0,1,0,0,1,1,0,0,1,0,0,1,0,0,

0,0,0,1,1,1,1,0,0,0,1,0,0,0,0,1,1,1,1,1,1,0,0,1,1,0,0,1,1,0,1,0,1,0,0,1,0,1,1,0,1,0,1,1,1,1,1,0,1,0,0,0,0,0,0,1,1,0,1,0,0,1,0,1,

0,1,1,1,0,0,0,1,1,0,1,1,1,0,0,1,1,0,1,1,1,0,0,1,0,1,1,0,1,1,0,0,0,1,0,1,0,1,0,1,0,1,1,1,0,1,0,1,0,1,0,1,0,1,1,0,1,0,1,0,1,0,0,1,

1,0,0,0,1,0,0,0,1,1,1,0,0,1,1,1,0,0,0,1,1,0,1,0,0,0,0,0,1,0,1,0,1,0,1,1,0,1,0,1,1,1,1,0,0,0,1,0,1,0,0,1,1,1,0,0,0,1,1,1,0,0,0,1,

1,1,1,0,0,1,0,1,0,0,0,0,1,0,1,0,0,0,0,1,1,1,1,0,1,0,0,1,1,0,0,0,0,0,0,0,0,1,1,0,0,0,1,0,1,0,1,0,0,0,1,1,0,1,0,0,1,1,0,1,0,0,0,1
Print: hex_X1

db49b94a50305324
1e21f99a96be81a5
71b9b96c557556a9
88e71a0ab5e29c71
e50a1e98062a34d1